191
90
245
47
34
117
138
98
128
25
213
43
232
45
18
102
220
238
29
65
71
20
22
92
228
143
197
202
201
260
179
218
144
180
211
253
12
243
53
192
184
50
163
151
160
205
14
6
156
121
107
97
154
169
58
135
223
230
88
258
119
155
106
91
95
190
11
229
40
255
24
28
193
94
214
61
48
64
170
173
161
63
75
136
146
131
31
86
189
42
244
114
51
66
123
149
262
105
183
224
259
203
10
109
2
35
77
162
137
116
132
74
216
124
237
127
172
3
59
72
44
4
39
249
80
60
57
13
126
17
221
23
110
186
33
166
217
204
157
153
69
263
158
234
242
185
19
130
26
16
125
239
7
120
236
38
240
264
171
32
79
150
49
1
140
78
219
215
207
159
73
168
167
100
165
122
222
84
9
261
15
247
62
199
8
133
101
54
141
235
129
142
250
188
187
147
194
89
175
212
176
68
148
21
55
99
52
82
182
112
56
30
231
251
227
174
93
233
196
46
5
164
181
152
83
225
27
248
246
198
178
241
145
37
108
85
210
113
265
41
36
226
134
257
115
96
252
87
209
206
200
67
76
118
70
81
195
256
111
139
208
254
177