112
241
194
171
131
11
157
70
33
48
190
91
247
153
151
179
259
122
79
224
13
38
61
28
156
242
66
136
19
97
107
246
138
182
163
132
80
49
160
3
262
161
244
96
220
152
193
29
102
213
191
226
89
36
124
149
23
249
87
24
129
135
258
8
155
264
72
54
133
223
35
248
204
40
47
117
192
125
185
67
250
170
164
229
239
166
58
265
71
77
86
214
45
227
208
257
16
209
39
167
57
9
106
215
206
105
116
195
59
62
210
109
12
17
173
83
76
99
251
41
187
238
65
228
63
255
165
140
141
169
78
1
92
184
6
74
154
44
115
236
219
14
26
243
126
2
143
32
211
134
60
168
176
162
263
158
146
101
52
230
15
7
55
198
234
120
261
10
254
20
85
196
4
232
180
253
201
5
34
118
202
188
37
233
73
84
178
127
53
128
81
174
218
30
199
137
222
113
145
93
130
123
21
25
181
159
207
94
31
42
18
50
51
82
22
197
183
121
90
43
177
108
150
95
217
111
203
200
237
189
231
256
100
114
212
64
235
56
98
245
186
46
69
27
147
104
88
260
175
172
221
142
68
225
119
240
75
205
148
216
144
139
252